256
162 213 87423
8 47 1478
189 178 72240
53 96 20425
28 95 25621
172 186 51681
65 100 68818
31 121 93349
151 22 77428
242 255 47467
239 54 63208
23 129 70266
68 54 68781
127 136 57911
119 21 97943
227 112 89099
252 230 79127
181 79 9918
44 169 47102
193 40 19366
1 16 96044
6 136 57478
194 228 23394
10 110 66888
203 34 4870
130 37 68067
114 236 14413
167 61 52829
134 219 36690
69 185 4817
207 218 20936
37 91 63743
253 216 92714
27 4 20503
204 55 99494
40 33 55650
168 43 55795
113 156 23758
22 103 86953
177 148 6018
115 245 13699
213 184 2096
19 204 86652
93 111 31894
42 223 22278
212 64 2006
158 54 61730
40 133 21141
212 48 68601
216 175 49492
74 88 32447
85 104 74026
171 112 88490
247 22 9996
149 239 39203
6 124 93123
182 108 4183
201 246 13477
174 182 72953
83 199 36061
88 232 75711
87 24 26824
2 56 9103
90 231 5038
210 205 74015
135 67 23637
246 67 11761
56 178 62776
28 218 50235
227 58 52186
242 102 12298
105 3 61747
131 106 79581
107 117 20981
80 138 52195
51 146 53860
206 65 30678
21 189 32532
237 0 15636
106 222 14384
174 59 53635
14 249 87588
208 129 45521
29 234 96671
218 5 88738
26 168 32112
186 23 28670
248 88 14467
215 164 89697
152 37 18846
202 30 75818
105 196 84183
184 234 92832
42 1 35144
64 168 91426
94 171 9965
12 208 79058
7 211 3448
97 100 91778
46 121 45744
173 144 96875
9 103 74026
16 179 59706
126 115 58244
235 147 89857
66 33 99118
57 241 25852
107 125 57410
76 193 94913
233 49 40346
247 128 2422
249 221 71549
180 208 11516
209 102 17861
105 143 11949
222 140 65919
38 127 46418
82 246 50354
13 93 4074
45 205 29532
36 186 92241
53 130 63584
46 143 24352
188 191 55780
254 224 26750
198 94 4661
205 166 34704
0 128 90276
153 161 17315
16 133 97026
18 113 12543
14 206 12483
184 207 72620
181 125 3097
161 79 9545
29 207 6407
90 37 11536
72 8 38213
92 136 99302
87 69 86485
195 133 73359
228 210 49985
32 179 11051
78 249 6079
251 204 444
109 203 55028
159 209 42771
48 192 42441
220 126 5365
227 123 12539
194 137 87126
234 143 29970
201 66 31862
200 111 27976
43 60 37071
144 83 86028
162 80 19320
249 0 75634
179 19 71097
58 2 24902
249 86 41801
199 97 25878
152 171 40622
57 230 96760
66 21 67585
45 183 69922
237 62 91335
183 159 82309
139 175 46919
39 239 74951
109 149 76508
69 95 59358
93 168 2657
82 31 37055
114 5 51435
112 60 75464
187 87 59500
217 104 54647
196 95 44989
77 79 78510
23 247 86644
77 25 35728
31 92 65455
141 119 93272
48 161 50311
209 130 7588
95 32 24743
143 248 82277
245 15 26411
229 197 85333
238 186 26975
2 47 90356
176 124 29704
42 137 8093
147 177 16417
129 194 67932
123 82 89404
1 229 90188
254 220 75581
165 1 73316
14 17 78003
13 126 94039
224 24 99778
180 66 20669
71 174 61107
176 59 86629
140 144 99888
98 90 21214
236 156 32441
173 167 30163
239 44 34052
238 229 40439
171 29 76652
7 125 7695
223 182 82298
194 190 94712
201 122 29858
1 155 37437
129 63 29939
154 203 45028
138 194 96337
71 135 65707
212 28 47474
91 89 22764
243 222 11848
13 85 92767
84 81 61377
14 157 78572
166 88 97622
20 40 11721
21 245 23816
73 190 68350
134 206 22210
12 71 76011
190 223 65283
22 35 43840
218 41 24634
30 242 42668
162 150 65273
132 132 65465
4 23 65319
215 41 17214
179 216 98300
73 52 93915
187 9 70292
114 36 91912
134 8 9388
96 65 88430
134 253 48433
120 217 75935
61 44 81019
58 170 64297
80 131 65870
240 221 57054
42 248 66746
182 191 61554
230 100 974
111 243 66694
62 138 62179
146 118 2
69 107 18163
26 252 89978
149 60 46841
105 74 42291
124 232 49442
116 157 29799
117 57 78032
199 43 33888
111 48 65348
76 84 98449
222 30 25864
134 212 14231
52 27 27937
219 5 35209
250 226 65365
211 169 2216
68 15 19237
225 45 86041
219 155 53049
193 130 7650
133 190 21099
4 242 98588
125 70 10587
31 157 41370
218 95 23828
140 109 87714
31 68 73920
176 60 24769
99 20 68856
75 119 83327
60 151 81840
192 43 95704
245 53 87875
28 102 42053
27 94 21172
126 9 84519
192 93 10463
250 188 60070
231 196 96291
15 118 80626
165 74 42662
175 202 78016
163 211 86902
190 232 17295
141 73 9123
241 110 96168
211 143 20518
247 202 87324
185 130 35262
17 170 83957
78 200 43496
50 151 34050
36 255 77846
113 227 51469
24 114 88386
177 152 85952
78 71 92246
244 94 69771
197 182 24757
163 18 66031
38 119 22248
254 135 63998
220 19 47803
199 70 82630
197 132 79158
122 193 29201
10 239 13691
189 101 21600
164 214 26617
163 11 19329
25 3 15464
250 220 12255
3 191 37009
161 30 58647
39 253 8859
106 120 34739
82 92 35842
214 68 10828
117 243 26972
77 76 3928
151 250 98659
89 27 91274
195 203 57333
23 38 86258
86 172 27722
251 75 14451
9 64 18659
112 221 38705
185 0 75117
181 6 60780
207 191 49024
244 145 63145
39 70 27652
52 173 21411
101 153 66962
84 150 30398
185 3 54661
33 100 17876
137 65 64495
226 202 84110
99 169 90862
70 34 94789
75 166 41424
118 41 99345
235 104 76119
50 183 84327
142 138 56400
96 105 60116
235 67 66125
214 203 42018
113 98 98141
65 236 76316
36 196 21728
141 5 44391
233 53 23258
248 62 77506
85 120 59284
159 208 24211
124 0 51947
68 233 69171
86 154 24718
157 74 41503
208 225 3549
123 110 88336
149 133 34917
19 14 55397
50 109 17645
255 83 48379
51 242 2071
7 188 69282
46 197 77952
81 148 67598
5 81 30144
108 228 80001
61 153 3295
167 63 59210
46 77 3885
26 156 20248
168 181 18056
172 57 50265
253 195 5839
38 115 55293
235 104 71848
55 11 48157
154 225 17346
142 234 83057
144 96 60968
129 84 92408
18 102 27385
187 170 6996
97 128 61360
217 139 99095
246 18 75512
122 91 59658
6 142 21000
216 86 10136
121 24 49665
76 224 70930
25 217 68554
155 138 10678
54 246 98964
230 16 7448
146 226 71961
237 55 37694
163 97 79093
86 164 81257
50 215 55690
146 205 10671
47 34 41806
204 212 98320
165 251 46595
152 27 11761
234 98 99273
39 56 16838
213 151 36487
180 175 95176
187 198 22619
202 107 26444
253 247 3274
17 206 32887
183 49 76280
192 37 71153
232 166 33281
158 25 1132
110 141 95630
26 13 89695
139 155 4355
98 118 76908
210 116 4553
111 178 68419
204 114 74650
93 244 69001
226 158 57746
108 156 15808
160 8 35414
64 189 29352
124 240 15046
98 241 8755
167 162 20401
71 153 29212
225 12 93001
32 180 3693
69 106 70093
173 9 94013
201 131 43561
169 148 88642
180 17 59141
244 167 50720
144 137 27602
67 121 2741
55 160 51407
230 221 83246
83 116 49070
67 11 9430
174 164 22540
83 225 22948
99 117 5926
2 164 58572
252 169 17080
217 160 32005
73 90 79348
20 216 56257
89 237 99997
179 236 3417
132 34 671
62 35 12304
115 244 43856
2 76 90241
252 211 4400
142 213 2525
251 90 17543
254 25 52523
103 92 38811
59 238 52305
236 178 23715
126 158 38992
79 56 76928
101 12 70925
48 149 65649
58 49 94211
173 49 59110
172 24 82266
29 233 13538
53 57 44370
66 245 33466
241 172 61036
4 150 22028
117 241 86709
89 78 16615
200 240 87562
227 123 19004
240 184 10583
165 112 19844
195 198 35638
56 229 17559
41 81 61006
184 110 14927
136 154 53002
8 28 83359
59 219 18269
72 10 10298
220 187 43134
176 139 36146
224 251 86434
174 101 77973
108 52 9436
92 12 52198
91 50 37613
237 229 90767
75 177 41844
175 159 22629
70 254 52492
250 20 69596
213 30 64086
44 51 76501
47 63 87076
228 210 93884
137 128 83474
255 74 96774
127 214 13964
84 152 31486
22 135 65
99 223 97908
72 113 68037
87 210 5603
91 116 7642
142 119 35946
148 96 32404
15 36 37815
135 155 14223
145 20 32589
106 232 43254
41 200 11631
35 58 97140
38 51 94212
161 238 61247
34 72 58373
63 197 99282
139 87 33031
222 136 42748
40 158 15542
52 79 44459
248 221 71454
209 131 64066
140 186 81112
61 49 66157
104 108 60707
185 193 74602
15 80 39872
162 226 84136
11 125 32470
231 128 25913
176 255 69698
147 191 45439
228 235 46806
11 206 90097
145 231 16517
170 115 52583
7 43 3118
240 55 16229
46 118 21994
127 145 3193
63 59 53081
201 215 2729
159 150 83383
120 45 47322
89 207 38211
214 85 88448
166 146 51376
148 54 55544
198 200 70344
61 99 88880
45 224 30518
81 121 70958
73 147 64177
178 35 56219
199 171 34350
198 17 68982
145 7 8276
188 77 4235
165 147 80857
195 233 61659
123 243 48446
103 102 69072
88 150 55147
21 3 88849
97 127 36936
32 196 34545
35 51 48211
33 62 31620
160 188 37039
72 215 21409
219 82 30810
122 153 47203
107 141 37716
32 100 61895
109 209 88290
75 39 57678
205 18 32039
94 238 67816
192 16 18741
42 85 63034
19 101 9499
156 132 68403
183 26 47326
181 122 94164
160 29 51418
231 223 85041
44 177 92757
163 10 62781
6 10 54366
116 154 18081
47 78 17229
157 33 7055
4 13 25111
252 170 16329
103 243 23417
131 80 17127
140 64 36452
189 120 54590
-1