32
4 15 783
30 22 19725
20 10 20703
28 26 11173
15 29 39081
31 31 63656
16 23 81208
3 23 6362
0 12 49711
7 1 68523
5 0 16069
4 9 94571
0 14 5044
19 20 36653
2 13 29621
11 23 73012
17 26 80282
17 17 33670
18 12 28752
1 7 64591
28 2 86666
31 26 80844
13 6 99183
6 21 6114
0 27 49393
28 28 81475
6 7 51750
8 1 98008
27 24 99504
29 4 19886
9 13 86578
18 30 59059
11 18 61333
30 10 95462
12 14 72912
27 9 1753
6 3 5476
25 21 99800
25 20 16281
22 9 33881
29 20 4064
19 6 28671
1 24 88822
17 24 41922
9 15 86914
0 16 90875
8 26 15895
31 21 8710
25 13 9526
3 31 40109
14 19 27171
15 15 19391
4 7 26364
2 10 3130
2 24 4038
24 10 68576
10 5 24287
29 22 5121
11 23 50189
8 25 71115
3 22 33983
8 30 31510
1 16 17689
19 26 17344
27 21 63690
29 27 2480
7 11 77463
16 28 89937
22 30 15256
16 3 42849
25 17 98224
14 23 57593
5 11 62586
13 2 84558
20 8 10279
18 5 85142
14 21 25769
19 18 52998
12 5 75759
4 12 99979
-1