8, 0, 0.000042, 0
8, 0, 0.000029, 0
8, 0, 0.000042, 0
8, 0, 0.000030, 0
8, 0, 0.000015, 0
8, 0, 0.000015, 0
8, 0, 0.000029, 0
8, 0, 0.000036, 0
8, 0, 0.000044, 0
8, 0, 0.000029, 0
8, 0, 0.000042, 0
8, 0, 0.000025, 0
8, 0, 0.000015, 0
8, 0, 0.000044, 0
8, 0, 0.000028, 0
16, 0, 0.000053, 0
16, 0, 0.000032, 0
16, 0, 0.000050, 0
16, 0, 0.000059, 0
16, 0, 0.000080, 0
16, 0, 0.000036, 0
16, 0, 0.000073, 0
16, 0, 0.000080, 0
16, 0, 0.000049, 0
32, 0, 0.000106, 0
32, 0, 0.000102, 0
32, 0, 0.000117, 0
32, 0, 0.000100, 0
32, 0, 0.000053, 0
32, 0, 0.000074, 0
32, 0, 0.000055, 0
32, 0, 0.000104, 0
32, 0, 0.000108, 0
64, 0, 0.000107, 0
64, 0, 0.000197, 0
64, 0, 0.000109, 0
64, 0, 0.000098, 0
64, 0, 0.000108, 0
64, 0, 0.000107, 0
64, 0, 0.000199, 0
64, 0, 0.000178, 0
64, 0, 0.000111, 0
128, 0, 0.000464, 0
128, 0, 0.000463, 0
128, 0, 0.000459, 0
128, 0, 0.000374, 0
128, 0, 0.000382, 0
128, 0, 0.000464, 0
128, 0, 0.000468, 0
128, 0, 0.000474, 0
128, 0, 0.000489, 0
256, 10, 0.002668, 0
256, 0, 0.002551, 0
256, 10, 0.002612, 0
256, 10, 0.002615, 0
256, 0, 0.002635, 0
256, 10, 0.002696, 0
256, 10, 0.002684, 0
256, 10, 0.002656, 0
256, 10, 0.002639, 0
512, 50, 0.020715, 0
512, 50, 0.020980, 0
512, 60, 0.020752, 0
512, 50, 0.020755, 0
512, 50, 0.020891, 0
512, 50, 0.021224, 0
512, 50, 0.020570, 0
512, 50, 0.020737, 0
512, 50, 0.020781, 0
1024, 390, 0.191572, 0
1024, 390, 0.180809, 0
1024, 390, 0.188962, 0
1024, 400, 0.178899, 0
1024, 390, 0.186814, 0
1024, 400, 0.181220, 0
1024, 390, 0.187428, 0
1024, 390, 0.181204, 0
1024, 400, 0.191311, 0
2048, 3500, 2.345021, 0
2048, 3490, 2.353838, 0
2048, 3510, 2.342187, 0
2048, 3510, 2.322431, 0
2048, 3500, 2.352441, 0
2048, 3500, 2.314157, 0
2048, 3510, 2.335464, 0
2048, 3500, 2.327455, 0
2048, 3510, 2.304398, 0
