31
39
34
24
25
22
17
29
30
26
34
11
31
22
22
33
31
38
21
24
30
31
27
30
28
28
28
32
37
28
25
36
24
37
24
24
28
40
27
11
30
25
30
30
23
24
22
32
22
25
35
34
28
28
24
24
21
25
31
22
25
31
37
40
25
31
28
6
19
26
22
28
33
30
22
37
27
28
33
26
30
29
35
27
49
29
22
24
22
28
24
23
27
33
25
26
37
37
35
29
19
21
20
15
20
20
30
25
32
23
33
36
19
27
22
22
24
30
35
36
46
25
31
19
27
18
37
16
19
27
22
25
36
33
37
21
26
17
29
21
27
30
18
4
27
28
33
22
34
24
27
22
38
33
16
34
30
25
29
20
26
22
31
29
21
13
26
33
35
27
27
32
25
34
23
30
25
21
33
25
23
37
31
12
17
26
21
18
25
26
23
28
26
38
46
22
29
39
26
20
33
19
29
31
28
30
31
30
6
24
26
6
43
50
13
30
31
45
25
30
44
36
43
29
30
28
8
32
24
34
27
27
38
24
17
42
27
30
33
26
36
35
42
23
16
31
24
36
26
39
20
36
26
20
29
27
26
35
28
27
17
7
32
27
21
26
30
14
22
15
36
32
27
25
32
10
14
27
18
7
17
28
27
27
32
31
33
29
25
38
23
41
30
20
17
27
33
25
15
33
33
26
18
28
30
27
40
11
9
26
37
36
28
27
24
21
26
25
26
23
19
40
29
24
34
35
53
28
16
25
22
28
25
37
20
24
17
34
31
24
29
26
12
29
29
10
25
30
47
21
35
32
35
0
27
36
38
27
32
31
40
36
29
29
31
28
31
36
39
16
29
35
34
5
11
27
30
24
33
28
38
30
20
9
26
31
15
29
28
31
25
16
32
39
23
24
44
30
31
30
36
23
28
34
28
28
30
25
23
27
15
34
32
32
23
35
37
23
25
21
18
36
27
34
23
31
38
34
26
24
12
14
30
13
33
21
24
22
27
18
24
33
34
28
25
8
29
22
23
23
35
21
18
20
24
33
25
31
24
38
43
37
24
22
28
37
29
40
35
38
20
20
23
39
18
24
25
26
22
35
27
30
4
39
32
28
31
10
37
28
32
36
21
34
38
28
31
9
26
35
